<?xml version="1.0" encoding="UTF-8" standalone="no"?>
<!DOCTYPE svg PUBLIC "-//W3C//DTD SVG 20010904//EN"
              "http://www.w3.org/TR/2001/REC-SVG-20010904/DTD/svg10.dtd">

<svg xmlns="http://www.w3.org/2000/svg"
     width="66.6667in" height="33.3333in"
     viewBox="0 0 6000 3000">
  <path id="Chemin importé"
        fill="none" stroke="black" stroke-width="1"
        d="M 6065.64,373.67
           C 6065.64,373.67 2720.76,373.67 2720.76,373.67
             2720.76,373.67 2373.04,373.67 2373.04,373.67
             2373.04,373.67 2267.22,301.86 2267.22,301.86
             2267.22,301.86 2159.50,369.89 2159.50,369.89
             2159.50,369.89 1991.31,369.89 1991.31,369.89
             1991.31,369.89 1959.19,496.51 1959.19,496.51
             1959.19,496.51 1860.92,131.78 1860.92,131.78
             1860.92,131.78 1756.98,386.90 1756.98,386.90
             1756.98,386.90 1751.31,371.78 1751.31,371.78
             1751.31,371.78 1607.69,371.78 1607.69,371.78
             1607.69,371.78 1547.22,311.31 1547.22,311.31
             1547.22,311.31 1490.52,368.00 1490.52,368.00M 143207.07,138124.03
           C 143207.07,138124.03 143156.67,138250.56 143156.67,138250.56
             143156.67,138250.56 143118.01,138347.89 143118.01,138347.89
             143116.67,138350.97 143116.40,138350.70 143113.60,138342.56
             143113.60,138342.56 143110.67,138333.89 143110.67,138333.89
             143110.67,138333.89 143038.81,138333.63 143038.81,138333.63
             143038.81,138333.63 142966.93,138333.36 142966.93,138333.36
             142966.93,138333.36 142937.34,138302.97 142937.34,138302.97
             142937.34,138302.97 142907.74,138272.56 142907.74,138272.56
             142907.74,138272.56 142879.34,138300.83 142879.34,138300.83
             142879.34,138300.83 142850.93,138329.23 142850.93,138329.23
             142850.93,138329.23 142628.54,138329.23 142628.54,138329.23
             142628.54,138329.23 142406.28,138329.23 142406.28,138329.23
             142406.28,138329.23 142406.28,138344.56 142406.28,138344.56
             142406.28,138344.56 142406.28,138359.89 142406.28,138359.89
             142406.28,138359.89 142634.54,138359.89 142634.54,138359.89
             142634.54,138359.89 142862.93,138359.89 142862.93,138359.89
             142862.93,138359.89 142885.07,138337.77 142885.07,138337.77
             142885.07,138337.77 142907.20,138315.63 142907.20,138315.63
             142907.20,138315.63 142930.93,138339.77 142930.93,138339.77
             142930.93,138339.77 142954.67,138363.89 142954.67,138363.89
             142954.67,138363.89 143021.74,138363.89 143021.74,138363.89
             143021.74,138363.89 143088.67,138363.89 143088.67,138363.89
             143088.67,138363.89 143100.93,138400.56 143100.93,138400.56
             143107.60,138420.70 143113.60,138437.50 143114.14,138438.69
             143115.87,138437.08 143116.81,138434.42 143118.53,138426.42
             143215.06,138182.69 143215.99,138181.09 143117.98,138427.88
             143117.98,138429.73 143119.31,138429.73 143119.31,138429.73
             143119.31,138429.73 143215.18,138788.27 143215.18,138788.27
             143219.57,138805.33 143219.71,138805.59 143223.71,138806.00
             143223.71,138806.00 143227.98,138831.20 143227.98,138831.20
             143227.98,138831.20 143128.24,138857.34 143128.24,138857.34
             143128.24,138857.34 143025.43,138858.53 143025.43,138858.53
             143025.43,138858.53 143022.51,138858.53 143022.51,138858.53
             143022.51,138858.53 143099.45,138858.53 143099.45,138858.53
             143099.45,138858.53 143176.51,138858.53 143176.51,138858.53
             143176.51,138858.53 143224.92,138827.19 143224.92,138827.19
             143224.92,138827.19 143274.24,138795.86 143274.24,138795.86
             143273.71,138795.86 143296.51,138810.53 143322.51,138828.53
             143322.51,138828.53 143369.85,138861.19 143369.85,138861.19
             143369.85,138861.19 143548.24,138861.19 143548.24,138861.19
             143548.24,138861.19 143726.51,138861.19 143726.51,138861.19
             143726.51,138861.19 143726.51,138846.53 143726.51,138846.53
             143726.51,138846.53 143726.51,138831.86 143726.51,138831.86
             143726.51,138831.86 143553.59,138831.86 143553.59,138831.86
             143553.59,138831.86 143380.51,138831.86 143380.51,138831.86
             143380.51,138831.86 143328.51,138795.86 143328.51,138795.86
             143328.51,138795.86 143274.78,138759.86 143274.78,138759.86
             143273.85,138759.86 143248.92,138775.45 143219.45,138794.53
             143219.45,138794.53 143165.85,138829.19 143165.85,138829.19
             143165.85,138829.19 143081.85,138829.19 143081.85,138829.19
             143081.85,138829.19 142997.85,138829.19 142997.85,138829.19
             142997.85,138829.19 142981.85,138893.19 142981.85,138893.19
             142973.06,138928.39 142965.59,138956.66 142965.04,138956.13
             142964.51,138955.59 142942.51,138873.86 142915.98,138774.53
             142915.98,138774.53 142866.65,138591.33 142866.65,138591.33
             142865.85,138589.33 142862.39,138596.80 142852.65,138621.33
             142852.65,138621.33 143207.07,138124.03 143207.07,138124.03 Z" />
</svg>
