<?xml version="1.0" encoding="UTF-8" standalone="no"?>
<!DOCTYPE svg PUBLIC "-//W3C//DTD SVG 20010904//EN"
              "http://www.w3.org/TR/2001/REC-SVG-20010904/DTD/svg10.dtd">

<svg xmlns="http://www.w3.org/2000/svg"
     width="34.7222in" height="34.7222in"
     viewBox="0 0 3125 3125">
  <path id="Chemin importé"
        fill="none" stroke="black" stroke-width="1"
        d="M 1083.25,308.87
           C 1076.50,325.62 1055.25,379.00 1036.00,427.50
             1016.75,476.00 1000.38,517.00 999.75,518.75
             998.50,521.62 998.25,521.37 995.62,513.75
             995.62,513.75 992.88,505.62 992.88,505.62
             992.88,505.62 925.50,505.37 925.50,505.37
             925.50,505.37 858.12,505.12 858.12,505.12
             858.12,505.12 830.38,476.62 830.38,476.62
             830.38,476.62 802.62,448.12 802.62,448.12
             802.62,448.12 776.00,474.62 776.00,474.62
             776.00,474.62 749.38,501.25 749.38,501.25
             749.38,501.25 540.88,501.25 540.88,501.25
             540.88,501.25 332.50,501.25 332.50,501.25
             332.50,501.25 332.50,515.62 332.50,515.62
             332.50,515.62 332.50,530.00 332.50,530.00
             332.50,530.00 546.50,530.00 546.50,530.00
             546.50,530.00 760.62,530.00 760.62,530.00
             760.62,530.00 781.38,509.25 781.38,509.25
             781.38,509.25 802.12,488.50 802.12,488.50
             802.12,488.50 824.38,511.13 824.38,511.13
             824.38,511.13 846.63,533.75 846.63,533.75
             846.63,533.75 909.50,533.75 909.50,533.75
             909.50,533.75 972.25,533.75 972.25,533.75
             972.25,533.75 983.75,568.12 983.75,568.12
             990.00,587.00 995.62,602.75 996.13,603.00
             996.63,603.37 997.75,601.50 998.63,599.00
             1002.75,587.50 1089.12,370.50 1090.00,369.50
             1090.50,369.00 1091.38,369.50 1091.75,370.75
             1092.62,373.87 1176.00,685.75 1181.62,706.88
             1185.75,722.88 1185.88,723.12 1189.62,723.50
             1189.62,723.50 1193.25,723.87 1193.25,723.87
             1193.25,723.87 1216.88,630.38 1216.88,630.38
             1229.75,579.00 1240.88,535.62 1241.38,534.00
             1241.38,534.00 1242.50,531.25 1242.50,531.25
             1242.50,531.25 1314.62,531.25 1314.62,531.25
             1314.62,531.25 1386.88,531.25 1386.88,531.25
             1386.88,531.25 1432.25,501.88 1432.25,501.88
             1457.25,485.75 1478.12,472.50 1478.50,472.50
             1479.00,472.50 1499.38,486.25 1523.75,503.12
             1523.75,503.12 1568.12,533.75 1568.12,533.75
             1568.12,533.75 1735.38,533.75 1735.38,533.75
             1735.38,533.75 1902.50,533.75 1902.50,533.75
             1902.50,533.75 1902.50,520.00 1902.50,520.00
             1902.50,520.00 1902.50,506.25 1902.50,506.25
             1902.50,506.25 1740.38,506.25 1740.38,506.25
             1740.38,506.25 1578.12,506.25 1578.12,506.25
             1578.12,506.25 1529.38,472.50 1529.38,472.50
             1502.63,454.00 1479.88,438.75 1479.00,438.75
             1478.12,438.75 1454.75,453.37 1427.12,471.25
             1427.12,471.25 1376.88,503.75 1376.88,503.75
             1376.88,503.75 1298.12,503.75 1298.12,503.75
             1298.12,503.75 1219.38,503.75 1219.38,503.75
             1219.38,503.75 1204.38,563.75 1204.38,563.75
             1196.12,596.75 1189.12,623.25 1188.62,622.75
             1188.12,622.25 1167.50,545.62 1142.62,452.50
             1117.75,359.38 1097.00,282.00 1096.38,280.75
             1095.62,278.87 1092.38,285.87 1083.25,308.87 Z" />
</svg>
