<?xml version="1.0" encoding="UTF-8" standalone="no"?>
<!DOCTYPE svg PUBLIC "-//W3C//DTD SVG 20010904//EN"
              "http://www.w3.org/TR/2001/REC-SVG-20010904/DTD/svg10.dtd">

<svg xmlns="http://www.w3.org/2000/svg"
     width="34.3778in" height="12.9222in"
     viewBox="0 0 3094 1163">
  <path id="Chemin importé"
        fill="none" stroke="black" stroke-width="1"
        d="M 2056.42,934.78
           C 2056.42,934.78 2056.42,979.17 2056.42,979.17
             2056.42,979.17 2082.67,979.17 2082.67,979.17
             2082.67,979.17 2108.92,979.17 2108.92,979.17
             2108.92,979.17 2108.92,974.79 2108.92,974.79
             2108.92,974.79 2108.92,970.42 2108.92,970.42
             2108.92,970.42 2087.67,970.42 2087.67,970.42
             2087.67,970.42 2066.42,970.42 2066.42,970.42
             2066.42,970.42 2066.42,930.40 2066.42,930.40
             2066.42,930.40 2066.42,890.38 2066.42,890.38
             2066.42,890.38 2061.42,890.38 2061.42,890.38
             2061.42,890.38 2056.42,890.38 2056.42,890.38
             2056.42,890.38 2056.42,934.78 2056.42,934.78 Z
           M 1551.38,934.78
           C 1551.38,934.78 1551.38,979.17 1551.38,979.17
             1551.38,979.17 1556.38,979.17 1556.38,979.17
             1556.38,979.17 1561.38,979.17 1561.38,979.17
             1561.38,979.17 1561.38,934.78 1561.38,934.78
             1561.38,934.78 1561.38,890.38 1561.38,890.38
             1561.38,890.38 1556.38,890.38 1556.38,890.38
             1556.38,890.38 1551.38,890.38 1551.38,890.38
             1551.38,890.38 1551.38,934.78 1551.38,934.78 Z
           M 1187.60,934.78
           C 1187.60,934.78 1187.60,979.17 1187.60,979.17
             1187.60,979.17 1213.22,979.17 1213.22,979.17
             1213.22,979.17 1238.85,979.17 1238.85,979.17
             1238.85,979.17 1238.85,974.79 1238.85,974.79
             1238.85,974.79 1238.85,970.42 1238.85,970.42
             1238.85,970.42 1218.22,970.42 1218.22,970.42
             1218.22,970.42 1197.60,970.42 1197.60,970.42
             1197.60,970.42 1197.60,954.16 1197.60,954.16
             1197.60,954.16 1197.60,937.90 1197.60,937.90
             1197.60,937.90 1216.35,937.90 1216.35,937.90
             1216.35,937.90 1235.10,937.90 1235.10,937.90
             1235.10,937.90 1235.10,933.53 1235.10,933.53
             1235.10,933.53 1235.10,929.15 1235.10,929.15
             1235.10,929.15 1216.35,929.15 1216.35,929.15
             1216.35,929.15 1197.60,929.15 1197.60,929.15
             1197.60,929.15 1197.60,914.14 1197.60,914.14
             1197.60,914.14 1197.60,899.14 1197.60,899.14
             1197.60,899.14 1218.22,899.14 1218.22,899.14
             1218.22,899.14 1238.85,899.14 1238.85,899.14
             1238.85,899.14 1238.85,894.76 1238.85,894.76
             1238.85,894.76 1238.85,890.38 1238.85,890.38
             1238.85,890.38 1213.22,890.38 1213.22,890.38
             1213.22,890.38 1187.60,890.38 1187.60,890.38
             1187.60,890.38 1187.60,934.78 1187.60,934.78 Z
           M 1901.53,891.88
           C 1900.90,893.51 1892.15,913.27 1882.15,935.90
             1872.15,958.54 1863.90,977.55 1863.90,978.17
             1863.90,978.67 1866.03,979.17 1868.65,979.17
             1868.65,979.17 1873.53,979.17 1873.53,979.17
             1873.53,979.17 1878.90,966.67 1878.90,966.67
             1878.90,966.67 1884.15,954.16 1884.15,954.16
             1884.15,954.16 1903.40,954.16 1903.40,954.16
             1917.28,954.16 1922.78,954.54 1923.53,955.66
             1924.03,956.54 1926.53,962.04 1929.16,967.92
             1929.16,967.92 1933.66,978.55 1933.66,978.55
             1933.66,978.55 1938.78,978.92 1938.78,978.92
             1941.66,979.17 1943.91,978.92 1943.91,978.30
             1943.91,976.04 1905.15,889.76 1904.03,889.38
             1903.28,889.13 1902.15,890.26 1901.53,891.88 Z
           M 1911.78,927.65
           C 1915.78,936.90 1918.91,944.91 1918.91,945.53
             1918.91,946.16 1912.03,946.66 1903.15,946.66
             1894.53,946.66 1887.65,946.16 1887.90,945.53
             1892.78,932.90 1903.53,909.52 1904.03,910.14
             1904.40,910.64 1907.90,918.52 1911.78,927.65 Z
           M 1713.01,890.88
           C 1690.26,898.39 1677.14,919.77 1681.39,942.91
             1685.89,967.42 1704.76,981.67 1730.64,980.17
             1741.52,979.42 1754.77,975.29 1756.02,972.04
             1756.39,971.04 1756.14,968.92 1755.39,967.29
             1755.39,967.29 1754.02,964.29 1754.02,964.29
             1754.02,964.29 1745.52,967.54 1745.52,967.54
             1718.14,978.17 1693.64,964.54 1691.64,937.78
             1690.76,925.15 1693.76,916.39 1701.76,908.27
             1714.26,895.89 1728.39,894.88 1751.52,904.64
             1752.89,905.26 1753.89,904.51 1754.89,902.26
             1757.14,897.26 1756.89,896.76 1749.27,893.26
             1740.52,889.26 1721.64,888.01 1713.01,890.88 Z
           M 1367.99,890.01
           C 1367.99,890.01 1358.86,890.51 1358.86,890.51
             1358.86,890.51 1358.86,934.65 1358.86,934.65
             1358.86,934.65 1358.86,978.80 1358.86,978.80
             1358.86,978.80 1371.74,979.55 1371.74,979.55
             1395.49,981.05 1410.36,976.54 1421.24,964.79
             1429.99,955.29 1431.99,949.53 1431.99,934.15
             1431.99,922.02 1431.74,920.52 1428.37,914.39
             1423.74,906.14 1415.61,898.51 1407.11,894.63
             1400.86,891.76 1386.36,889.01 1380.11,889.38
             1378.36,889.51 1372.86,889.88 1367.99,890.01 Z
           M 1400.24,900.89
           C 1413.61,905.76 1421.86,918.02 1421.86,933.40
             1421.86,950.03 1416.11,960.66 1403.74,967.04
             1396.24,970.79 1382.11,972.79 1373.36,971.17
             1373.36,971.17 1368.86,970.29 1368.86,970.29
             1368.86,970.29 1368.86,934.78 1368.86,934.78
             1368.86,907.64 1369.24,899.14 1370.49,898.64
             1373.36,897.26 1394.49,898.89 1400.24,900.89 Z
           M 983.33,901.89
           C 982.95,909.02 982.33,925.15 981.95,937.90
             981.58,950.66 980.95,965.16 980.58,970.04
             980.58,970.04 979.83,979.17 979.83,979.17
             979.83,979.17 984.95,979.17 984.95,979.17
             984.95,979.17 990.08,979.17 990.08,979.17
             990.08,979.17 990.21,966.92 990.21,966.92
             990.33,960.29 990.71,946.41 991.21,936.15
             991.21,936.15 991.96,917.64 991.96,917.64
             991.96,917.64 1007.46,944.03 1007.46,944.03
             1016.08,958.54 1023.33,970.42 1023.71,970.42
             1024.08,970.42 1030.83,959.54 1038.58,946.16
             1046.33,932.90 1053.46,920.90 1054.46,919.65
             1056.09,917.52 1056.21,919.90 1056.34,938.65
             1056.34,950.41 1056.71,964.29 1057.09,969.54
             1057.09,969.54 1057.96,979.17 1057.96,979.17
             1057.96,979.17 1062.59,979.17 1062.59,979.17
             1062.59,979.17 1067.21,979.17 1067.21,979.17
             1067.21,979.17 1066.84,973.17 1066.84,973.17
             1066.59,969.92 1065.71,949.78 1064.96,928.52
             1064.21,907.14 1063.34,889.51 1062.96,889.13
             1061.96,888.13 1059.34,892.26 1041.83,923.77
             1032.46,940.53 1024.46,954.16 1024.08,954.16
             1023.58,954.04 1014.83,939.40 1004.71,921.65
             994.46,903.76 985.70,889.13 985.08,889.13
             984.58,889.13 983.83,894.88 983.33,901.89 Z
           M 2005.16,254.48
           C 2005.16,254.48 2005.16,287.62 2005.16,287.62
             2005.16,287.62 2062.67,287.62 2062.67,287.62
             2062.67,287.62 2120.17,287.62 2120.17,287.62
             2120.17,287.62 2120.17,475.83 2120.17,475.83
             2120.17,475.83 2120.17,664.04 2120.17,664.04
             2120.17,664.04 2155.80,664.04 2155.80,664.04
             2155.80,664.04 2191.43,664.04 2191.43,664.04
             2191.43,664.04 2191.43,475.83 2191.43,475.83
             2191.43,475.83 2191.43,287.62 2191.43,287.62
             2191.43,287.62 2248.93,287.62 2248.93,287.62
             2248.93,287.62 2306.44,287.62 2306.44,287.62
             2306.44,287.62 2306.44,254.48 2306.44,254.48
             2306.44,254.48 2306.44,221.35 2306.44,221.35
             2306.44,221.35 2155.80,221.35 2155.80,221.35
             2155.80,221.35 2005.16,221.35 2005.16,221.35
             2005.16,221.35 2005.16,254.48 2005.16,254.48 Z
           M 1577.63,442.69
           C 1577.63,442.69 1577.63,664.04 1577.63,664.04
             1577.63,664.04 1672.01,664.04 1672.01,664.04
             1672.01,664.04 1766.39,664.04 1766.39,664.04
             1766.39,664.04 1766.39,630.90 1766.39,630.90
             1766.39,630.90 1766.39,597.76 1766.39,597.76
             1766.39,597.76 1708.26,597.76 1708.26,597.76
             1708.26,597.76 1650.13,597.76 1650.13,597.76
             1650.13,597.76 1650.13,409.55 1650.13,409.55
             1650.13,409.55 1650.13,221.35 1650.13,221.35
             1650.13,221.35 1613.88,221.35 1613.88,221.35
             1613.88,221.35 1577.63,221.35 1577.63,221.35
             1577.63,221.35 1577.63,442.69 1577.63,442.69 Z
           M 2619.96,440.56
           C 2567.96,566.62 2524.95,670.66 2524.45,671.91
             2523.70,673.91 2525.83,674.04 2561.46,673.79
             2561.46,673.79 2599.21,673.41 2599.21,673.41
             2599.21,673.41 2656.84,534.23 2656.84,534.23
             2688.47,457.82 2714.59,395.17 2715.09,395.17
             2715.47,395.29 2758.22,457.70 2810.10,533.98
             2861.86,610.39 2904.48,672.79 2904.86,672.79
             2905.11,672.79 2905.11,672.29 2904.73,671.66
             2904.36,671.04 2861.48,567.37 2809.60,441.31
             2757.60,315.26 2714.97,211.97 2714.84,211.84
             2714.72,211.72 2671.97,314.64 2619.96,440.56 Z
           M 488.29,215.97
           C 487.16,218.59 461.29,281.25 430.78,355.15
             400.16,429.06 374.78,489.59 374.28,489.59
             373.78,489.59 331.40,427.81 280.02,352.40
             228.77,276.87 186.39,214.72 185.77,214.22
             185.26,213.72 185.39,214.84 186.14,216.72
             189.64,225.85 371.78,667.54 373.28,670.29
             373.28,670.29 374.91,673.41 374.91,673.41
             374.91,673.41 376.66,669.04 376.66,669.04
             396.53,621.39 564.30,215.09 564.67,213.47
             565.30,211.47 562.92,211.34 527.92,211.34
             527.92,211.34 490.41,211.34 490.41,211.34
             490.41,211.34 488.29,215.97 488.29,215.97 Z
           M 1013.33,185.20
           C 926.20,197.08 852.57,249.23 813.82,326.39
             801.56,351.03 794.31,373.29 789.19,402.05
             786.19,419.68 786.19,465.70 789.19,483.33
             794.31,512.47 801.69,534.85 814.07,559.37
             853.32,636.77 926.95,688.80 1012.58,699.68
             1032.83,702.30 1070.34,701.68 1088.21,698.43
             1196.85,678.92 1279.98,597.13 1300.23,489.84
             1303.61,472.08 1304.86,429.93 1302.61,411.80
             1291.85,324.39 1238.23,248.73 1159.47,210.09
             1135.72,198.34 1115.84,191.83 1088.21,186.83
             1074.96,184.45 1026.83,183.33 1013.33,185.20 Z
           M 1123.22,393.79
           C 1138.72,455.95 1151.34,507.09 1151.34,507.59
             1151.34,507.97 1138.72,477.71 1123.22,440.31
             1107.84,402.92 1094.96,372.03 1094.59,371.66
             1094.21,371.28 1093.46,372.16 1092.96,373.66
             1085.21,393.92 996.71,606.14 996.21,605.51
             995.33,604.51 938.58,377.54 939.08,377.04
             939.33,376.79 952.08,407.55 967.58,445.19
             983.08,482.96 996.08,513.47 996.58,512.97
             997.21,512.35 1069.34,338.90 1092.84,281.37
             1093.59,279.62 1094.34,278.87 1094.59,279.50
             1094.96,280.25 1107.71,331.64 1123.22,393.79 Z" />
</svg>
